peft_config:
  type: simple_dora
  r: 8
  transpose: false
  eps: 1.0e-06
  alpha: 56.211119967935
  beta: 1.0
  gamma: 1444.8850747717752
model_name: google/gemma-2b
dataset_randomize: false
seq_len: 463
out_dir: data
epochs: 3
batchsize: 1
seed: 0
logging_steps: 250
peak_learning_rate: 3.2276726279204794e-05
weight_decay: 0.001
