peft_config:
  type: simple_dora
  r: 8
  transpose: false
  eps: 1.0e-06
  alpha: 3.902706075463643
  beta: 1.0
  gamma: 3.4206230718719706
model_name: google/gemma-2b
dataset_randomize: false
seq_len: 463
out_dir: data
epochs: 3
batchsize: 1
seed: 0
logging_steps: 250
peak_learning_rate: 0.0001230416298971496
weight_decay: 0.001
