peft_config:
  type: normed_lora
  r: 8
  alpha: 325.62047320402047
  gamma: 174.11345165085308
model_name: google/gemma-2b
dataset_randomize: false
seq_len: 463
out_dir: data
epochs: 3
batchsize: 1
seed: 0
logging_steps: 250
peak_learning_rate: 3.0112414831520177e-05
weight_decay: 0.001
