peft_config:
  type: simple_dora
  r: 8
  transpose: false
  eps: 1.0e-06
  alpha: 27.485193570834994
  beta: 1.0
  gamma: 2.7519127730817097
model_name: google/gemma-2b
dataset_randomize: false
seq_len: 463
out_dir: data
epochs: 3
batchsize: 1
seed: 0
logging_steps: 250
peak_learning_rate: 2.2275190218374705e-05
weight_decay: 0.001
