peft_config:
  type: simple_dora
  r: 8
  transpose: false
  eps: 1.0e-06
  alpha: 22.000695534459027
  beta: 1.0
  gamma: 377.06720561998844
model_name: google/gemma-2b
dataset_randomize: false
seq_len: 463
out_dir: data
epochs: 3
batchsize: 1
seed: 0
logging_steps: 250
peak_learning_rate: 6.1042578094886515e-06
weight_decay: 0.001
