peft_config:
  type: dora
  r: 8
  transpose: false
  eps: 1.0e-06
  alpha: 106.88046072077682
  gamma: 769.6010073368745
model_name: google/gemma-2b
dataset_randomize: false
seq_len: 463
out_dir: data
epochs: 3
batchsize: 1
seed: 0
logging_steps: 250
peak_learning_rate: 3.391190529725509e-05
weight_decay: 0.001
