peft_config:
  type: dora
  r: 8
  transpose: false
  eps: 1.0e-06
  alpha: 783.6152896475767
  gamma: 1599.7452483198572
model_name: google/gemma-2b
dataset_randomize: false
seq_len: 463
out_dir: data
epochs: 3
batchsize: 1
seed: 0
logging_steps: 250
peak_learning_rate: 0.00024776337292616333
weight_decay: 0.001
